00:19:15 12345670
F4:3E:61 12345670
00:1F:A4 12345670
F8:1B:FA 12345670
F8:ED:80 12345670
F8:7F:35 12345670
F8:C3:46 12345670
F8:63:94 12345670
F8:8B:86 12345670
F8:FB:56 12345670
F8:BF:53 12345670
18:4F:32 12345670
1C:A5:32 12345670
64:D9:54 12345670
78:D9:9F 12345670
C4:17:FE 12345670
D0:0E:D9 12345670
D0:0F:6D 12345670
20:89:86 12345670
40:4A:03 11866428
00:38:72 18836486
FC:F5:28 20329761
04:8D:38 71537573
5A:8E:85 16259553
00:0C:43 54768642
30:39:F2 13409708,16538061,16702738,18355604,19756967,43297917,73767053,88202907
DC:0B:1A 13409708,16538061,16702738,18355604,19756967,43297917,73767053,88202907
74:88:8B 13409708,16538061,16702738,18355604,19756967,43297917,73767053,88202907
A4:52:6F 13409708,16538061,16702738,18355604,19756967,43297917,73767053,88202907
00:1A:2B 88478760,77775078,51340865,21143892,16495265
D8:61:94 71537573,10009321,31348034,18794786,15738370
E4:C1:46 71537573,10009321,31348034,18794786,15738370
5C:35:3B 95755212,64874487,58945537,79082020,12345670
DC:53:7C 95755212,64874487,58945537,79082020,12345670
F8:8E:85 19117652,16035232,20172527,49385052